88.9405
-144.874
-256.69
-292.329
275.631
-107.49
651.043
-45.4022
469.233
-1.43475
-9.57576
9.83113
754.959
-7.40096
471.25
-326.986
48.8046
-433.346
-589.656
-125.454
-270.309
43.9219
24.1545
-85.3747
176.628
-104.487
200.654
80.9521
111.104
-255.911
-296.101
77.7871
-196.41
164.77
-35.6651
41.6738
-337.878
-166.574
-320.59
1084.19
108.246
677.182
432.409
-61.8622
145.252
-541.755
155.197
-387.246
282.925
-157.003
163.728
548.373
3.2251
571.202
-29.459
196.38
77.1666
625.549
89.1093
493.99
82.8567
230.977
7.14266
132.266
134.802
147.812
456.167
-113.605
233.242
-197.401
-93.5715
-298.696
-550.765
151.276
-368.543
157.686
-45.2026
192.115
-151.323
-108.846
5.07319
-828.497
-3.1444
-493.626
-639.166
-34.2418
-418.752
-298.266
29.6972
-165.589
-54.915
4.05968
15.3392
-3.76157
260.787
98.8311
435.912
-105.61
207.809
42.0953
-4.07125
-44.5354
-506.688
-91.6932
-411.428
-63.9148
-101.978
46.7565
-363.002
40.7941
42.1839
-518.806
-32.179
-227.064
-46.7337
32.7287
-218.184
-238.212
111.673
-194.924
-60.6883
36.2921
52.1253
-385.317
-0.591323
-15.1769
114.236
-107.647
53.0666
60.0146
-67.0362
54.3118
-118.542
-2.87426
-122.021
179.334
6.82393
143.345
111.767
16.676
117.636
138.26
9.81394
130.071
169.006
34.9081
136.339
-120.799
26.4685
-120.213
-32.3673
16.9185
-57.9362
163.133
-50.7837
129.404
-80.0489
-9.10531
-100.33
-150.675
30.1838
-131.565
-50.6102
-52.0903
-58.5915
-203.286
-36.3383
-144.193
-143.247
-3.73476
-132.278
-98.9925
-0.29917
-112.142
-92.304
44.1008
-98.9552
15.0956
16.7653
33.8185
159.985
30.3212
134.671
-29.1825
16.1561
-54.3598
134.132
-67.8603
109.483
152.118
14.3444
134.715
-161.639
-35.0881
-134.04
143.752
-20.1554
130.975
-139.839
-11.187
-130.57
160.173
7.78212
137.882
-88.6074
-25.5475
-103.014
106.107
-0.631379
115.948
-136.027
26.5908
-126.807
76.9091
6.16037
98.4625
0.665749
-2.84073
-4.04459
-180.8
-71.5057
-124.847
-115.59
-14.4023
-119.803
-110.608
13.0114
-117.52
-160.762
28.3293
-135.352
158.878
0.303185
137.693
131.248
-12.6364
127.003
-116.855
10.7957
-120.784
-105.606
-0.854633
-115.687
-129.736
-14.2302
-126.2
-107.254
81.0866
-83.7069
0.0294912
0.44773
0.432216
-142.523
40.2014
-125.794
-34.0425
39.6991
-47.8881
2.99016
-13.2805
-0.762566
-109.915
-42.2734
-110.051
-37.9374
27.54
-60.3432
-84.3682
32.602
-98.2483
-134.587
28.1053
-125.892
153.371
-10.4626
135.495
-202.014
21.8738
-146.847
117.206
-31.198
117.355
-74.3093
-50.9492
-82.4006
-106.342
-11.1199
-115.538
-135.679
53.0958
-118.035
-94.0225
-2.31677
-109.312
-113.874
19.5694
-118.233
137.865
-27.0471
127.449
113.156
-2.61115
119.465
-86.0932
41.4235
-96.0416
-111.214
-27.7198
-115.252
-192.006
-39.3246
-141.087
-157.634
-1.39273
-137.29
171.941
-54.9492
130.458
98.5434
-58.076
95.6426
127.797
-0.0958121
126.179
118.102
-11.5819
121.298
133.447
-1.79353
128.518
0.0252438
0.561054
0.00444469
162.41
21.0426
137.188
-108.754
49.8342
-106.195
-1.1883
4.57964
-5.62068
-123.867
9.19359
-124.129
-81.2142
3.04493
-101.456
-110.36
40.1966
-111.064
-170.328
48.548
-132.496
117.989
25.5445
119.089
-143.198
-16.2109
-131.316
-126.744
-48.7976
-115.87
-119.041
17.2958
-121.057
107.738
26.6233
113.714
104.178
-7.23624
114.713
138.402
41.4408
123.741
151.043
-16.3946
134.111
67.7849
-9.70475
91.7132
113.399
2.77852
119.579
22.5128
27.0121
40.17
-124.092
12.9951
-123.889
-177.827
7.83536
-142.909
134.244
-10.6475
128.413
176.693
-75.6993
121.121
-149.656
-22.3493
-132.762
7.47032
-17.1719
16.9319
167.726
-0.905285
140.368
112.234
-17.6849
117.721
155.539
-15.7394
135.708
158.334
2.71098
137.494
0.00022509
-0.011495
-0.0212308
-77.9191
-25.2087
-96.0811
-51.6898
11.5608
-78.4982
-124.411
26.7016
-121.817
-133.902
2.27447
-128.695
-87.4339
-0.447595
-105.419
-227.722
-23.959
-150.411
-107.82
51.9053
-104.668
-92.5091
-43.5521
-99.329
-69.4501
-12.8422
-92.5545
-124.868
4.87575
-124.815
167.305
12.9925
139.646
113.529
-3.56396
119.621
51.1935
29.2208
73.3018
69.6465
72.4607
59.2224
107.942
34.0579
111.822
53.9735
-0.776473
81.3054
126.143
-26.4627
122.644
164.095
-28.8119
136.29
131.546
-34.9523
122.879
141.26
-9.33026
131.257
80.9181
-46.9489
89.7741
144.033
-38.2538
126.984
125.286
-26.7666
122.196
109.275
-34.072
112.524
134.064
-29.7809
125.29
150.163
18.5901
133.518
166.427
10.9881
139.561
106.327
-7.66124
115.811
148.966
5.3531
134.283
183.83
-21.4461
143.013
124.194
-19.4075
123.093
134.455
17.0232
127.81
143.393
-1.67994
132.374
-176.175
-7.0281
-142.522
-154.064
16.9586
-135.07
-54.0318
25.6752
-77.201
126.256
-18.9525
124.076
-60.5833
-17.3186
-84.9811
143.603
-41.1066
125.922
79.0052
-34.4739
93.9287
-93.1509
-43.544
-99.7412
-124.789
2.29768
-124.854
-144.975
-10.2329
-132.57
147.779
5.36962
133.864
123.846
16.3891
123.376
133.762
-12.789
128.021
-148.289
-4.77973
-134.066
65.4313
-55.571
71.3938
124.677
-52.9589
113.036
161.003
3.75752
138.308
191.727
26.3133
144.021
117.061
-16.7955
120.195
228.025
1.7228
152.331
58.2758
-31.0299
79.0039
107.656
35.68
111.162
-109.55
-8.68298
-117.387
-110.907
75.3164
-91.3388
143.871
-73.0473
110.619
140.207
-0.80608
131.187
-127.358
14.6166
-125.14
112.721
5.90022
119.135
139.337
2.67949
130.829
133.188
66.3614
109.952
82.0225
40.2233
93.7596
142.53
-3.94271
132.005
167.52
4.83051
140.228
-132.265
-23.8624
-125.806
-118.151
-37.1893
-116.06
162.177
51.4103
128.843
120.764
18.5443
121.671
149.949
-5.46359
134.621
140.835
-19.548
129.966
122.153
-47.181
114.354
99.5387
1.07707
112.438
9.40044
11.502
25.4716
122.445
47.2946
114.449
139.982
18.3114
129.818
106.197
-16.9769
114.748
106.352
-42.7036
107.936
97.1297
-33.9176
105.802
189.666
-23.9348
143.979
33.8923
-55.3803
27.9634
-3.04954
-9.39076
-9.66335
-104.745
53.6278
-102.001
-216.677
62.7986
-137.194
159.384
-9.48509
137.527
-175.957
-13.6387
-141.984
-109.998
-34.225
-112.858
-161.774
9.39056
-138.279
-177.523
32.9272
-139.204
-163.738
-6.23702
-139.055
-126.299
37.1205
-119.92
-140.085
-32.2258
-127.122
62.1186
32.8057
81.585
-143.887
-1.3803
-132.559
-158.183
27.611
-134.672
-129.292
7.99069
-126.561
-2.24312
-10.8392
-1.97243
-135.18
-85.5216
-96.8819
-127.58
-26.6315
-123.241
-262.891
-16.8957
-153.677
-106.825
-10.2422
-115.869
-124.551
-5.4598
-124.651
-114.4
-6.0228
-119.944
-110.206
-39.2744
-111.311
-100.502
63.3961
-93.5054
-141.403
-4.55351
-131.564
172.81
46.7435
133.87
109.24
39.9365
110.56
-143.995
7.07137
-132.418
-72.3419
-79.9527
-52.241
-107.509
7.51926
-116.43
-143.876
-23.9434
-130.383
-37.7136
-15.5921
-64.2341
118.552
-29.1537
118.526
123.514
-11.7283
123.758
-111.725
-42.3164
-110.999
-118.882
15.9047
-121.173
-5.82221
-15.9733
-12.8983
107.615
-45.7506
107.387
78.9221
-10.966
99.3971
207.445
69.2789
132.404
91.6199
52.0421
94.5603
95.2508
-90.4818
62.628
-98.8922
28.2617
-108.466
104.335
-18.4148
113.541
-230.793
85.3092
-126.578
131.398
1.58168
127.682
-172.985
19.4993
-140.497
155.128
-18.432
135.232
-127.367
44.1799
-117.994
-131.332
29.6463
-124.175
114.64
9.74259
119.815
219.88
27.6182
148.79
147.431
57.9935
120.632
-39.644
-33.409
-59.3078
114.838
13.8399
119.508
-118.319
23.0852
-119.746
-167.546
0.656491
-140.317
-86.9569
-83.1926
-64.2707
-142.271
-4.45293
-131.893
-87.2294
-8.02275
-104.988
-107.689
-10.3825
-116.302
-163.007
-44.3898
-131.694
-147.888
-19.413
-132.597
-140.274
4.65271
-131.132
-277.051
99.1641
-118.565
107.306
-25.5987
113.723
135.592
8.5401
129.111
118.83
-32.1695
117.878
103.794
13.8532
113.899
149.542
38.1748
129.063
-0.913903
5.13669
-3.28161
-96.4313
51.2729
-98.1239
-150.347
67.848
-116.561
-142.612
-23.1113
-130.057
148.345
4.67991
134.09
149.158
-38.6607
128.779
108.306
-2.24258
117.057
130.888
-1.73496
127.469
-174.927
-29.5351
-139.268
-108.777
-4.05743
-117.248
-126.303
-17.1308
-124.361
-89.4698
-22.1359
-104.333
-99.4423
29.8185
-108.363
-136.036
-5.39791
-129.456
-100.886
-31.2591
-108.777
128.66
9.39464
126.197
-148.849
0.490013
-134.348
89.7868
-15.9111
105.654
-147.117
39.1657
-127.873
161.098
-7.29361
138.197
-74.078
-54.8348
-79.6733
73.2051
9.36718
95.6547
-152.352
1.68032
-135.545
-142.463
21.9224
-130.207
0.450667
3.70323
-0.921573
-107.097
-0.406642
-116.46
-7.48356
-15.6904
-18.3494
44.4615
22.0077
69.3712
-126.827
-10.4221
-125.329
-132.633
15.2633
-127.288
-260.88
85.6596
-128.655
127.774
5.43416
126.052
136.479
1.66562
129.733
-139.257
-10.1096
-130.434
133.392
-11.0083
128.036
107.662
34.2326
111.619
120.005
-31.1129
118.72
208.192
-65.8879
134.264
-150.844
-0.141635
-135.041
165.572
0.415191
139.741
63.5335
-67.426
58.1357
143.099
30.8899
128.618
120.181
-1.58972
122.8
9.24497
19.9325
19.1651
13.9428
33.292
13.4447
131.922
-1.25568
127.902
-127.3
-4.74288
-125.876
120.18
21.3348
120.943
104.907
51.1046
103.383
75.6841
-28.2608
93.6528
-84.9034
69.8316
-76.8693
-124.144
3.57763
-124.54
-91.4267
-35.7761
-101.713
130.2
-6.08978
127.048
-136.631
-1.34686
-129.797
-109.157
17.6061
-116.184
-100.187
-6.16343
-112.63
134.275
24.2414
126.565
104.294
-6.69974
114.807
-161.622
106.028
-89.1878
128.202
13.8801
125.586
-167.303
38.191
-134.948
155.027
2.3798
136.428
-161.925
55.5147
-127.045
152.388
-93.608
98.0619
124.778
-55.9284
111.646
-0.00744502
-0.244169
0.047235
109.933
-4.00431
117.832
153.676
1.42127
135.993
-128.389
-2.15039
-126.413
329.916
84.8848
122.903
166.635
-14.3741
139.314
147.339
0.586105
133.814
-30.3413
-45.7041
-35.8026
154.172
8.14065
135.922
-162.824
-7.82051
-138.698
-126.813
19.6925
-124.205
-118.765
-27.7792
-118.958
113.184
-22.3798
117.392
263.383
-1.91437
154.599
156.149
-14.3838
136.059
-116.645
-43.2285
-113.193
-102.328
-16.4243
-112.768
-18.8245
38.3108
20.2517
142.205
62.0317
116.452
-100.151
-17.0999
-111.475
-117.205
26.8745
-118.419
10.3983
24.6585
16.7477
-83.6779
13.6033
-102.179
-127.572
27.2301
-123.107
-128.074
-17.3706
-125.096
-113.773
-32.7017
-115.242
135.316
35.158
124.411
123.496
14.1183
123.5
44.3344
-50.1798
52.5467
-110.223
-25.7348
-115.206
153.341
-16.2216
134.917
-23.8884
-46.5208
-18.8735
-9.9791
28.3184
6.41409
123.948
-35.8593
119.229
-30.3965
-22.5634
-53.5628
-152.344
10.9961
-135.106
123.495
19.0761
122.832
167.092
17.0828
139.142
-130.695
2.97525
-127.366
-6.25567
-19.006
-10.0661
-110.828
-52.254
-106.187
80.5101
-9.42566
100.603
-109.583
-9.2991
-117.357
-165.384
6.08976
-139.554
-140.891
17.3712
-130.296
243.59
-30.8738
150.631
-123.368
-11.1969
-123.742
-138.407
-34.492
-125.857
139.729
-63.6529
114.504
118.068
-13.0442
121.134
-166.428
55.8292
-128.38
157.888
-4.93548
137.29
-86.396
-41.7986
-96.0834
-107.675
-4.81704
-116.658
-113.888
23.8571
-117.45
-160.525
20.9206
-136.619
61.4658
85.8385
16.5703
-0.00173972
0.0943678
-0.000581975
125.732
5.35109
125.173
-64.7018
36.6957
-82.0921
202.154
-22.0514
146.847
-134.791
1.08238
-129.068
-124.933
-22.0844
-122.972
121.091
-8.52804
122.93
152.961
-8.52868
135.493
109.841
13.1293
117.121
159.849
27.9656
135.137
124.022
34.3816
119.698
2.04244
-10.0507
2.50951
119.088
-7.90326
122.052
-90.8133
56.2952
-91.5318
-105.761
51.9562
-103.457
148.848
0.251336
134.348
-128.85
-10.5907
-126.183
-120.053
14.3194
-121.913
124.603
-34.1077
120.043
126.734
-32.0452
121.569
-144.048
-104.535
-81.6208
115.456
6.91377
120.404
-220.297
-148.939
-27.1183
-155.923
27.4622
-133.957
-100.016
19.6811
-110.974
100.803
34.7581
107.663
136.104
13.0881
128.933
115.395
-107.022
55.535
-182.099
-17.8946
-143.079
19.785
42.522
13.765
