0.00324083
-0.000958143
0.0029802
0.000284675
3.27836e-05
0.000265374
0.000134727
-4.62331e-06
0.000132751
0.00289067
0.000897751
0.00300245
0.000236847
-3.69565e-05
0.00021736
-0.00397537
0.000136509
-0.00365887
-0.0151756
0.00307403
-0.0144195
0.000460585
-8.71431e-05
0.000431321
0.00162166
0.000172425
0.00151574
-0.00011973
-8.96156e-06
-0.000107986
0.0316984
-0.000643659
0.0313108
7.84069e-07
4.08814e-07
1.79982e-06
-1.05694e-07
-4.88376e-08
1.40993e-07
0.00451922
-0.000281745
0.00536941
0.0181653
-0.00368223
0.0115721
3.16279e-05
-1.40084e-06
2.83356e-05
6.51252e-07
-3.99674e-07
8.64268e-07
-4.86704e-06
-1.07329e-06
4.70532e-06
0.00217988
0.000122449
0.00230491
8.71722e-09
2.66939e-09
5.04458e-09
-1.79531e-05
1.48261e-06
-1.59457e-05
3.08434e-07
-5.21511e-07
9.0915e-07
1.50511e-06
-5.68913e-07
3.10219e-06
8.82464e-06
1.29584e-07
1.00568e-05
0.000614492
0.00014152
0.000413914
0.114297
-0.00303735
0.115076
5.81706e-06
-1.31459e-06
-7.93669e-07
1.40928e-05
-1.38675e-05
1.90864e-05
0.0320523
-0.00064737
0.0307646
0.000191934
-1.18783e-05
0.000142688
-5.12916e-05
-3.72949e-05
-3.77823e-05
0.001709
3.01008e-05
0.00162175
4.75223e-06
-4.06893e-07
4.44869e-06
0.00214899
0.000127041
0.00262763
1.19838e-05
-7.56326e-06
2.43897e-05
0.000916602
-3.85021e-05
0.000680021
6.18904e-05
2.37193e-05
5.35283e-05
3.75741e-05
2.89314e-05
5.74686e-06
-0.173921
-0.0169178
-0.173617
0.000250597
-0.000386167
0.000350538
-7.06465e-06
-1.03782e-05
-5.34082e-05
6.39547e-05
1.72009e-05
6.22043e-05
-1.68325
-0.630905
-1.51109
-0.177847
0.864131
-0.252215
0.550401
0.649194
1.21776
-1.29462
-0.242547
-1.111
-0.948692
0.278631
-0.823496
-1.02379
-0.0796312
-0.975472
-1.34297
0.397586
-1.0805
1.08265
0.0347556
0.763323
0.251103
-0.122369
0.427215
-1.21172
0.257161
-1.01655
0.598618
0.0941182
0.743449
1.12368
-0.23741
0.976292
0.584412
0.171351
0.450221
1.52066
0.267836
1.06673
1.05191
0.0301788
1.00226
0.832507
0.192888
0.751291
0.691658
-0.296153
0.748146
0.179859
-0.267368
-0.311856
-1.1917
-0.229574
-1.00304
0.22789
-0.129059
0.396849
-1.02065
0.562178
-0.7547
-1.14055
-0.102508
-0.996207
1.18355
0.269378
1.02179
-1.08137
0.161961
-0.962822
1.03562
0.0874988
0.979316
-1.20068
-0.0529194
-1.01926
0.647018
0.194815
0.777813
-0.79605
0.00954749
-0.858931
1.01108
-0.19492
0.948159
-0.577306
-0.0424995
-0.730541
-0.00316204
0.0201377
0.031155
1.38261
0.0402809
1.16097
0.855035
0.124804
0.896576
0.640808
-0.101858
1.04766
1.1619
-0.388467
1.01408
-1.27389
-0.15902
-0.921676
-0.850666
0.0232332
-1.08488
1.11407
0.306926
0.699129
0.334594
0.401835
1.27194
0.887778
0.148272
1.01666
0.784326
-0.474019
0.768789
-6.12318e-05
-0.00342223
-0.00314202
1.08045
-0.318973
0.910118
0.378072
-0.165379
0.376488
-0.287534
0.0517504
-0.212356
0.959602
-0.0663444
0.826028
0.509013
0.0121259
0.406509
0.801787
0.00273679
0.664878
1.06163
-0.0281655
0.915621
-1.13875
0.0902776
-1.01319
1.42034
-0.0647369
1.22557
-0.835766
0.313068
-0.89048
0.769972
-0.027728
0.670792
0.915226
-0.0618889
0.761721
0.779699
-2.02016
0.414546
0.0642119
0.573252
1.35006
0.473342
-0.566584
1.17262
-1.1135
-0.413537
-0.986854
-1.16437
0.319076
-0.579312
-0.117449
-1.74871
0.774824
0.297959
1.90666
0.961963
1.74597
2.30291
0.061914
1.32021
0.626573
0.849455
-1.08914
-1.31847
-1.9529
-0.87148
0.0523844
-0.802201
-0.899098
-0.0416119
-0.994006
-0.264792
1.06413
-1.40941
-0.96348
-0.0958612
-0.991145
0.0182028
-0.0051162
0.0136353
-1.12684
-0.436203
-1.07794
1.15594
0.185182
0.698474
0.0102738
-0.0334308
0.042144
0.865597
0.100751
0.99465
0.550539
-0.0876759
0.797703
0.501287
-1.08769
0.861262
1.27274
-0.308772
1.00199
-0.880984
-0.17643
-0.888497
1.06224
0.15434
0.979468
0.938289
0.381119
0.862638
0.889411
-0.0876548
0.905502
-0.803483
-0.0972323
-0.870285
-0.74445
0.0744411
-0.882312
-1.08522
0.113002
-1.00287
-1.10658
0.0800205
-1.02565
-0.684392
0.0406907
-0.554169
-0.920623
0.0913715
-0.821826
-0.374079
0.0336192
-0.34162
0.920922
-0.099063
0.926572
1.33135
-0.0551217
1.05711
-1.02113
0.0779141
-0.935113
-1.30861
0.159928
-1.16663
1.11495
2.18924
0.98557
-0.169399
0.0354553
-0.169784
-1.4728
-0.0214436
-0.779532
-1.14155
-0.296283
-0.650389
-1.52328
1.35915
-0.449541
-1.26439
-0.224626
-0.922977
-0.00157673
0.000552975
-0.00011153
0.611757
0.206837
0.685635
-0.0349301
-0.162864
0.850207
0.844431
-0.373101
0.953817
0.993485
-0.0190339
0.963272
0.648783
-0.051089
0.787946
1.70204
0.143355
1.11834
0.659167
-0.715008
0.765651
0.704415
0.289722
0.741273
0.751276
0.060636
0.519056
0.945782
-0.0253323
0.91504
-1.26766
-0.118744
-1.01323
-0.787212
0.0558868
-0.946141
-0.385163
-0.238063
-0.535473
-0.384728
-0.771803
-0.315373
-0.747296
-0.410715
-0.840399
-0.405668
0.00367538
-0.603502
-0.931179
0.207805
-0.920504
-1.25617
0.241276
-0.969555
-0.932877
0.462437
-0.908728
-1.04222
0.00243292
-0.993878
-0.429491
0.67888
-0.65315
-1.05993
0.314399
-0.952374
-0.936609
0.10726
-0.927514
-0.816806
0.282699
-0.827177
-1.0169
0.207339
-0.917763
-1.11975
-0.250887
-0.978228
-1.25511
-0.157153
-1.016
-0.715914
0.124946
-0.928504
-1.12272
-0.0436063
-0.986246
-1.90828
1.66437
-0.147712
-1.01079
-0.0056104
-0.854682
-0.976404
-0.318284
-0.953573
-1.07664
0.0279565
-0.977238
0.903096
-0.249702
1.58315
1.02003
0.533751
1.23519
1.00845
0.525762
0.38968
-0.888716
0.351253
-0.945351
1.02154
-0.384065
0.331321
-1.04461
0.723233
-0.831096
-0.378015
0.648428
-0.733345
1.25317
-1.10963
0.8471
0.856646
-0.0735565
1.00238
1.14207
-0.0839037
0.932508
-1.00032
-0.158835
-1.10393
-0.850683
-0.24558
-0.975252
-0.973168
0.123056
-0.975672
1.10203
0.0390346
1.00199
-0.47266
0.458066
-0.511339
-0.942998
0.402801
-0.822931
-1.38652
0.313055
-0.822263
-1.49717
-0.341244
-0.955269
-0.954421
0.00773218
-0.831937
-1.81614
-0.0215019
-0.959627
-0.286314
0.428336
-0.620335
-0.553958
-1.12479
-0.792937
1.13701
-0.814471
0.640356
1.30866
1.05504
1.42767
-1.00924
1.16348
-0.496944
-1.02416
-0.348313
-1.00159
1.07909
-0.335334
0.773538
-0.845253
-0.0585087
-0.881887
-1.05448
-0.0658303
-0.956544
-0.893644
-0.894923
-0.697179
-0.491433
-0.509018
-0.713547
-1.04573
0.0135238
-1.00162
-1.23597
-0.0269682
-1.05976
0.997869
0.168011
0.926257
0.891703
0.286941
0.850056
-1.22064
-0.436901
-0.923118
-0.906577
-0.166251
-0.895598
-1.13457
0.0373221
-0.983952
-1.06353
0.157212
-0.951303
-0.847776
0.429164
-0.886686
-0.765593
-0.135749
-0.815382
0.068005
-0.173013
-0.201312
-0.904206
-0.347342
-0.863562
-0.927481
-0.372809
-1.05852
-0.80061
0.0514201
-0.857465
-0.776779
0.345317
-0.808928
-0.398474
1.101
-0.814984
-1.393
0.211587
-1.09389
-0.239169
0.428151
-0.193839
0.00147178
0.084661
0.0644328
0.536862
-1.03728
0.674888
1.80276
-0.987666
0.486958
-1.16565
0.131143
-1.04597
1.39774
0.5857
0.904018
0.562509
1.03915
0.85369
1.25693
0.0473542
0.977986
1.25609
-0.291579
1.11128
1.17307
-0.0654872
1.09641
0.910365
-0.288261
0.922244
1.02499
0.100312
1.00334
-0.436869
-0.35656
-0.582591
1.02513
-0.0304716
1.03913
1.17744
-0.208895
1.0042
1.15163
0.16016
0.764546
0.014199
0.0816836
0.0125016
0.97944
0.847932
0.574656
0.853029
0.45418
0.964019
2.40368
0.480463
0.345051
0.778674
0.0878357
0.878261
0.931001
0.00409261
0.927422
0.850344
0.0447035
0.895681
0.479814
1.18645
0.851963
0.536989
-1.04839
0.533877
0.959276
0.208847
1.07562
-1.17444
-0.885672
-0.955926
-0.984892
0.309109
-0.874033
1.14812
0.134556
0.914872
0.510276
0.642409
0.357623
0.801024
-0.0560814
0.86755
1.00367
0.420114
1.00253
0.299031
0.113509
0.468676
-0.88552
0.210833
-0.882533
-0.831092
0.352832
-0.986017
1.08785
-0.737434
0.971349
0.941148
0.0448555
0.870001
0.896538
-0.592417
0.592044
-0.825432
0.298513
-0.79457
-0.609272
0.0690077
-0.725167
-1.55036
-0.459946
-1.00866
-0.705964
-0.353838
-0.700674
-0.747153
0.612944
-0.498191
0.914547
-0.0906085
0.677433
-0.636048
0.173256
-0.97005
1.70366
0.119649
1.48135
-0.862724
-0.125519
-1.06967
1.31135
-0.14004
1.01997
-1.07928
0.149598
-1.09381
0.955554
-0.312899
0.878225
1.04148
-0.10986
0.885196
-0.797132
-0.0706836
-0.947496
-1.46474
0.036438
-1.41015
-1.29161
0.274161
-1.00238
-0.000149707
0.533262
0.479291
-1.12943
-0.0107098
-0.638095
0.792788
-0.33004
0.949522
1.23173
-0.0582373
1.06515
0.0849384
1.60369
-0.0328766
1.10931
0.053825
0.928934
0.596785
-0.0626894
0.835806
0.814013
0.0881406
0.854853
1.2752
0.081402
0.990268
0.673831
0.974519
1.34394
0.654873
0.404486
1.41019
2.16173
-1.5478
-0.0207277
0.190434
2.56712
-1.24655
-0.678962
-0.640721
-1.27181
-0.178775
2.22896
-1.04778
0.0279773
-0.952976
-1.47557
-0.849332
-2.8376
-0.513429
-0.109475
-0.0999124
-0.0396469
0.554265
-0.73828
0.706396
1.10874
-0.947289
0.626209
1.01606
0.67694
0.930414
-1.10732
0.33189
-1.0097
-1.09076
0.177311
-1.01668
-0.906252
0.224692
-0.776378
-1.00478
0.0215907
-0.91934
1.30745
0.250565
1.02613
0.82714
0.0367919
0.857964
1.07911
-0.00320917
0.804478
0.550111
0.278584
0.85321
0.729394
-0.310441
0.793736
1.06868
-0.0750062
0.91152
0.723056
0.69005
0.705717
-0.944908
-0.097173
-0.95229
1.13136
-0.0510704
0.976173
-0.813999
-0.670108
-0.782787
1.10534
-0.401591
0.908623
-1.13439
-0.103988
-1.11496
0.764764
0.0315737
0.655261
-0.634667
-0.0936427
-0.642119
1.16362
-0.0601241
0.977398
1.07762
-0.251025
0.937776
-0.00463704
-0.0277067
0.00578399
0.780909
0.00146306
0.883457
0.0375375
0.131275
0.131871
-0.332632
-0.162825
-0.516393
0.934643
0.0886965
0.943392
0.979425
-0.135161
0.955058
1.9537
-0.701917
0.896209
-0.913188
-0.0671852
-0.977464
-0.974067
-0.0234778
-1.01158
1.05097
0.0803561
0.957221
-1.12229
0.135847
-0.815628
-0.789742
-0.246561
-0.846303
-0.829024
0.428135
-0.898987
-1.55172
0.481928
-1.00411
1.12394
0.00100795
1.00621
-1.23383
-0.00648232
-1.04104
-0.477161
0.496468
-0.435928
-1.06692
-0.229648
-0.957708
-0.897129
0.00862332
-0.913408
-0.0707012
-0.147214
-0.14328
-0.0775783
-0.254067
-0.11259
-0.968316
0.0262055
-0.967941
0.866672
0.0185781
1.02132
-0.720629
-0.515383
-1.01202
-0.772904
-0.378667
-0.780254
-0.523938
0.253675
-0.717122
0.50445
-0.857875
0.407672
0.925388
-0.104092
0.925349
0.63793
0.378785
0.757315
-0.967971
0.0185566
-0.950143
0.998832
0.0281527
0.987163
0.804988
-0.210806
0.861465
0.760127
0.0636468
0.826119
-0.902167
-0.231721
-1.03757
-0.969733
0.120305
-0.676331
0.911809
-1.86436
-0.0826883
-1.11548
0.23129
-0.809162
1.23064
-0.395659
0.993833
-1.23008
0.223981
-0.935564
1.20751
-0.390872
0.955296
-0.955096
1.31915
-0.417501
-0.846747
0.769662
-0.74782
0.000414839
0.00186943
-3.63002e-05
-0.744697
0.0711334
-0.946006
-1.15602
-0.00697421
-1.00093
1.11612
0.0753163
0.778918
-2.56914
-1.07738
-0.31075
-1.20864
0.159294
-1.07209
-1.05665
0.0190729
-1.0425
0.521372
0.0203749
0.425229
-1.13178
-0.0772069
-1.03101
1.18565
0.0515186
1.06618
0.961117
0.0627779
0.942107
0.945977
0.160512
0.836262
-0.866318
0.190536
-0.848005
-2.08606
0.0509105
-0.940946
-1.21592
0.450963
-0.917251
0.883823
0.312392
0.831973
0.752129
0.119202
0.850068
0.150961
-0.277655
-0.15571
-1.01306
-0.567904
-0.868192
0.627764
0.19359
0.926889
0.618056
-0.723766
1.01617
0.0259191
-0.255784
-0.0828994
0.634539
-0.102257
0.75217
0.956394
-0.198019
0.91229
0.963719
0.108146
0.9254
0.859438
0.254482
0.844045
-0.970375
-0.429662
-0.920796
-0.908818
-0.0498797
-0.937887
-0.399968
0.248481
-0.452544
0.877184
-0.00997417
0.84998
-1.14369
0.12455
-1.00353
0.325651
0.20633
0.299557
0.164332
-0.200356
0.045192
-0.922663
0.274523
-0.887098
0.342677
0.0511019
0.382457
1.10564
-0.23508
1.02747
-0.389493
-2.19143
-1.1305
-1.86308
-1.85907
-0.0819241
1.09127
0.0240196
0.82957
2.55476
-1.7143
2.02049
0.822394
0.439127
0.770248
-0.411141
0.0291258
-0.904498
0.92558
-0.0769485
0.784176
1.25989
-0.131392
1.00336
1.1072
-0.149589
0.906071
-1.98481
0.217946
-0.850231
0.923635
0.079561
0.917962
1.00335
0.124929
1.00468
-0.957657
0.866831
-0.736815
-0.82041
0.196273
-0.949728
1.29793
-0.21848
0.967446
-1.17001
0.043167
-1.03011
0.630306
0.347023
0.712525
0.504448
0.21541
1.13672
0.855213
-0.170117
0.870248
1.21342
-0.276494
0.979118
-0.412447
-0.679134
-0.0875284
0.000102583
-0.000701178
5.4521e-05
-0.928739
-0.0362878
-0.940958
0.502149
-0.253166
0.604923
-1.47469
0.0757016
-1.15093
1.01491
-0.0687808
0.950143
0.938718
0.153719
0.910254
-0.901615
0.000379695
-0.920969
-1.15139
0.0160973
-0.99938
-0.93249
0.0460438
-0.781829
-1.22547
-0.219273
-0.963939
-0.949574
-0.274132
-0.860319
0.00384149
0.082761
-0.00268098
-0.807707
0.121624
-0.983044
0.696691
-0.388356
0.68126
0.808189
-0.352549
0.767623
-1.09915
0.0195944
-1.01208
0.973177
0.100489
0.924997
0.910227
-0.0784386
0.896234
-0.914224
0.28171
-0.90135
-0.905419
0.287172
-0.933596
1.17107
0.550339
0.728361
-0.845747
-0.037002
-0.911896
1.67732
1.05338
0.220227
1.16823
-0.195562
0.992489
0.79521
-0.233988
0.766334
-0.72734
-0.27707
-0.818599
-0.985605
-0.147762
-0.985688
-0.72912
1.0667
-0.166447
1.37955
0.121146
1.03869
0.0262771
-0.4377
0.0211471
